-----乔峰的词向量为----
[-6.06777221e-02  3.68610099e-02 -5.70766144e-02 -2.24675909e-02
 -4.06505167e-02 -8.97775311e-03 -3.16227376e-02  5.43694422e-02
  2.50954963e-02 -9.32799652e-02 -7.28449896e-02  3.43562439e-02
 -4.12144028e-02 -2.53616981e-02  1.60279088e-02 -7.93077499e-02
 -4.55577746e-02  5.44821285e-02  2.19472498e-02  2.04047207e-02
  1.78347044e-02  1.35607749e-01  5.26560433e-02 -5.37117198e-02
  5.02162315e-02 -2.00609304e-02 -6.69638067e-02  2.56588794e-02
  8.29633907e-04  1.14659453e-02 -6.75197169e-02 -1.36698326e-02
  2.87226178e-02 -1.26078501e-02 -9.36853588e-02  1.18596941e-01
  7.98350759e-03 -4.81986180e-02  5.16057871e-02  1.40630163e-03
  4.20401283e-02 -6.72202781e-02 -5.11142425e-02 -4.64389920e-02
  3.36688459e-02  2.90475860e-02 -7.08806366e-02 -2.63992138e-02
 -9.22521949e-03 -6.02564290e-02  2.85393791e-03  5.33631630e-02
  2.05513258e-02  1.06113404e-02 -7.18330294e-02 -5.08321971e-02
  6.28703088e-02  1.07746355e-01  1.19075835e-01  1.23139154e-02
  7.97481090e-02  4.45753289e-03 -8.13698992e-02  3.88652459e-02
 -3.88726294e-02  9.06758532e-02  1.41673982e-02 -1.08806521e-01
 -8.59230161e-02  4.74485867e-02 -4.49307524e-02  8.29860196e-02
  5.45283966e-02 -1.46473020e-01 -9.58648622e-02  4.63393256e-02
  1.53631559e-02 -3.12062888e-03  1.15009230e-02 -6.68090880e-02
 -1.86379068e-02 -3.48997265e-02 -8.01225603e-02  2.98425574e-02
  9.44211483e-02  1.31212901e-02 -5.14087193e-02  7.46714547e-02
  3.19640003e-02  1.02686070e-01  1.80881582e-02 -3.91346030e-02
  4.42130342e-02  2.95987688e-02  3.09737716e-02  8.77056569e-02
  1.71275325e-02  7.04615712e-02 -7.65209598e-03  8.70452076e-02
 -7.23864138e-02 -5.79661429e-02  1.96637064e-02  4.05684337e-02
 -1.15589388e-01 -2.70662010e-02 -2.72117201e-02 -9.45709273e-02
  1.06721312e-01 -2.14566123e-02  8.05270672e-03  2.55245585e-02
 -2.93841809e-02  6.34430572e-02 -2.21310202e-02 -9.12324619e-03
 -7.05061033e-02  3.93856764e-02  1.77923799e-01 -5.63365817e-02
  9.44003463e-02 -4.24804688e-02  4.60801348e-02 -1.48950284e-02
  1.19936587e-02  4.23311181e-02 -7.19423406e-03  5.24537601e-02
  2.61043515e-02  5.20698950e-02  2.22172048e-02 -2.79838815e-02
 -2.97724176e-02  6.81514665e-02 -1.41725009e-02  4.09368388e-02
  3.35006267e-02 -6.95652291e-02  8.59056134e-03 -8.47246945e-02
 -6.59825653e-02 -1.28444806e-01  6.79231137e-02  1.51614785e-01
 -1.47867296e-02 -2.67814118e-02 -7.71602392e-02 -7.29972050e-02
 -4.01081368e-02  1.78093500e-02 -1.25712708e-01 -1.34104684e-01
 -4.16121148e-02 -1.00055069e-01 -1.12330792e-02  3.30609940e-02
 -1.00428378e-02 -4.26995493e-02 -8.75200182e-02  7.70432800e-02
  6.61074966e-02  2.27561984e-02  2.97176838e-02 -3.30513604e-02
 -2.43982486e-02 -1.47153782e-02 -9.16829333e-02 -5.52738160e-02
 -3.53158242e-03  2.62860619e-02  8.93629193e-02  5.71963601e-02
  8.23382512e-02 -4.04768102e-02  1.18739801e-02  1.08984113e-01
 -9.48577095e-03 -6.52267784e-02  1.65174212e-02 -1.65206287e-02
 -5.72772771e-02  1.19826524e-02 -7.85298720e-02  2.19787154e-02
 -8.12168196e-02 -2.67961230e-02  1.43957371e-03  3.68296728e-02
  5.20389853e-03 -2.23367475e-02  1.07965201e-01  5.78069724e-02
 -1.36633199e-02 -1.56083377e-02  5.04486412e-02  2.50834003e-02
  7.94853899e-04 -3.59259062e-02  2.56837457e-02  2.59585362e-02
 -1.58974528e-02  6.08147494e-03  7.72500318e-03 -8.80156308e-02
  1.73483148e-01 -3.20775732e-02  1.67302266e-02  1.19185885e-02
 -1.22136548e-01  1.27230361e-02  2.53331079e-03 -5.17995022e-02
  2.48721633e-02 -8.18205029e-02 -5.43865096e-03 -8.87925401e-02
  4.09790725e-02 -7.76831135e-02 -2.02731732e-02 -4.01937366e-02
  1.78616419e-02 -6.86509535e-03  7.08479211e-02  3.68410200e-02
  6.48703501e-02  5.19888699e-02  6.07787706e-02  1.05983868e-01
 -3.89679708e-02  6.51078951e-03 -1.71005037e-02  6.13584854e-02
  6.51946738e-02  4.36200127e-02 -1.37419812e-02 -2.29542833e-02
 -1.07692540e-01  1.08563602e-02  1.76480766e-02 -1.02630064e-01
 -5.64135201e-02  7.51170665e-02 -2.88268570e-02  4.23815362e-02
 -9.21734273e-02  2.87702028e-02 -1.98399853e-02 -6.47013187e-02
 -2.06070370e-03  9.66554042e-03 -1.46532720e-02  2.57927403e-02
 -3.73796769e-03 -1.88894123e-02  7.49586970e-02  1.03703700e-01
  5.98923266e-02  9.15049464e-02 -1.56080380e-01  3.67706195e-02
  7.13609392e-03  4.22521755e-02  1.93696171e-02 -4.04258482e-02
 -2.13340800e-02  4.52304184e-02  7.71410689e-02 -6.64371415e-04
 -9.34628583e-03 -3.65213980e-03  2.02521565e-03  2.53451187e-02
  4.48971428e-02 -5.19806929e-02  4.74306941e-02  5.63382855e-05
  7.23665173e-04 -1.36006053e-03  2.19137780e-02 -1.09569011e-02
  1.36952987e-02  5.46824858e-02 -4.84083816e-02  5.31519800e-02
 -4.45708148e-02 -2.91993637e-02  1.24080693e-02 -3.27123590e-02
 -5.79098538e-02 -3.28812227e-02 -1.02600269e-01 -4.01999876e-02
 -2.59355102e-02 -5.89726046e-02  1.20491520e-01  7.20861927e-02
  2.73227897e-02 -7.57658109e-02  1.81634761e-02 -7.02100620e-03]
-----张无忌的词向量为----
[-5.48682176e-02  3.67947295e-02  1.29004428e-03 -1.36133153e-02
  3.60214449e-02 -2.37225201e-02  8.65335949e-03  7.19504133e-02
  2.09888187e-03 -9.28111672e-02 -5.96504472e-02  6.62412643e-02
  6.76570274e-03  2.55713966e-02  3.15982178e-02 -6.71703322e-03
 -7.85686374e-02  2.67997812e-02  2.28017829e-02 -6.84234723e-02
 -6.61180466e-02  2.36045942e-02  2.58813370e-02 -1.96164493e-02
  3.43842171e-02 -4.73037083e-03 -7.89762214e-02  1.13924772e-01
 -4.62441146e-02  6.73615262e-02 -5.79819502e-03 -3.85238118e-02
 -1.46990328e-03  2.90458053e-02 -2.59840395e-02 -2.32469086e-02
  3.95754650e-02 -3.35108861e-02 -2.02656314e-02  6.20548427e-02
 -4.40934151e-02  5.23677953e-02 -9.76612791e-03 -3.92563120e-02
 -3.30354944e-02  1.11437319e-02  1.92193836e-02 -3.88596766e-02
  7.34827891e-02  6.17477782e-02 -3.84951662e-03  6.43833950e-02
  8.20287853e-04 -3.38193215e-02 -2.01995671e-02  7.41082281e-02
  7.70156756e-02 -7.17426389e-02  2.85194181e-02 -3.80680189e-02
 -7.20773190e-02 -5.99910542e-02 -4.64614145e-02 -6.99978098e-02
 -1.96400210e-02  4.14467044e-02  1.92959383e-02 -1.35457635e-01
  1.26290293e-02  1.91662814e-02  1.96056925e-02  9.43672955e-02
 -2.77530756e-02 -3.11197490e-02  7.90193081e-02 -3.68819907e-02
  1.08357724e-02  3.04089673e-02  3.90657969e-02 -1.46588847e-01
  1.06773246e-02  5.20965233e-02 -5.97667173e-02  6.55619949e-02
 -3.26210670e-02  9.72695723e-02 -5.96804582e-02  8.93421248e-02
  1.02522830e-02  7.09724799e-02  4.65358943e-02 -3.53514925e-02
 -5.68507588e-04 -2.13092938e-03  1.23436302e-01  6.17526695e-02
 -1.54727828e-02 -1.20457076e-03 -6.35435656e-02  7.45837763e-02
  4.02701870e-02 -5.57668041e-03 -4.03438583e-02  2.91600991e-02
 -1.23553991e-01 -6.59139380e-02 -9.25986394e-02  1.54474070e-02
 -8.20979252e-02  3.09049562e-02 -1.43672870e-02 -2.36524716e-02
 -4.40900167e-03  2.07726238e-03 -7.56992847e-02  1.86787024e-02
 -7.15334341e-02 -7.24265119e-03  9.02160332e-02 -7.25526214e-02
  2.79414244e-02 -3.28877345e-02  9.26256105e-02  3.64590958e-02
  5.07224277e-02  3.88617665e-02 -1.07683226e-01 -7.46921226e-02
 -5.64187653e-02 -1.64890811e-02 -9.56310108e-02 -6.07899949e-02
 -1.94460582e-02 -1.42748086e-02  4.88280430e-02  2.35082433e-02
 -9.33157688e-04 -2.35471148e-02 -3.98949534e-03 -1.16832301e-01
  3.27975191e-02 -1.87858324e-02 -3.47071290e-02 -2.95128562e-02
  3.20161916e-02 -3.13544087e-02 -4.17345539e-02 -9.56402868e-02
 -2.76259799e-02 -4.91087437e-02 -2.49122120e-02 -1.58906523e-02
  9.20357369e-03 -3.61297391e-02 -4.00525965e-02  6.92648068e-02
 -8.46558660e-02  1.02078445e-01 -2.83507407e-02  3.21954526e-02
  6.42178357e-02 -4.04352471e-02  1.61264800e-02 -3.43392678e-02
 -1.33633502e-02 -8.39358121e-02 -4.99933921e-02 -3.24214362e-02
  5.03059067e-02 -1.06104948e-01 -1.02920361e-01  1.64720230e-02
  1.86396893e-02  8.66275877e-02 -2.62301061e-02  4.70924452e-02
  2.22502230e-03  1.07056104e-01  7.59810582e-02 -3.18927094e-02
  5.59034981e-02 -4.15341817e-02  8.57707765e-03  6.43323828e-03
 -3.13203447e-02 -4.83157411e-02  6.64084554e-02  7.14902058e-02
 -1.84545051e-02  6.90152273e-02  1.16543934e-01  2.11039633e-02
 -4.47486490e-02 -5.92923388e-02 -9.56305489e-02  7.56162824e-03
  1.24858804e-02  1.42511614e-02  8.26469855e-04  6.45977259e-02
  2.81339101e-02 -7.31739774e-02 -6.04717098e-02 -8.99604559e-02
  1.02373131e-01 -1.05096221e-01  3.50465626e-02  6.46260604e-02
 -4.98463511e-02 -6.95358142e-02 -2.75159236e-02 -7.89708346e-02
  5.83780482e-02  2.95108557e-02  1.21745199e-01 -5.74251823e-03
 -2.59835515e-02 -9.20093209e-02 -6.64761439e-02 -5.59448153e-02
  1.11721210e-01 -3.24345827e-02 -5.13209915e-03 -1.52177110e-01
 -1.21348865e-01 -1.29597839e-02  8.68264586e-02  1.91394296e-02
 -5.10082208e-02 -6.99985260e-03  4.41644415e-02  2.56678872e-02
 -4.24426906e-02  1.68131758e-02  1.27574243e-02  2.80215200e-02
 -3.67977433e-02  1.37652263e-01 -1.06225051e-02 -3.55781913e-02
 -1.02098152e-01 -1.77592225e-02  2.86807120e-02 -6.15746491e-02
 -3.39676775e-02 -5.76280393e-02  1.22884103e-05  2.89835632e-02
  5.93842156e-02  7.86955133e-02  8.81237462e-02 -4.74477597e-02
 -2.45191008e-02  7.13079199e-02 -1.31553579e-02 -5.92674129e-02
  9.40545369e-03 -5.83104417e-02 -9.95887518e-02 -1.21050896e-02
  6.17645830e-02 -7.65919387e-02  6.51629493e-02 -1.01138368e-01
  9.71268956e-03  2.69772913e-02  5.06688096e-03  1.37928538e-02
 -6.09606877e-02  1.28043918e-02  6.82562962e-02 -2.64573693e-02
  7.47614950e-02 -4.69085798e-02 -8.29645246e-02 -1.65552478e-02
  1.07415140e-01 -2.82758065e-02 -6.81891665e-02  4.75512519e-02
 -8.19455739e-03  1.35923121e-02 -2.85122008e-03 -7.16226399e-02
 -1.53645389e-02  1.40668139e-01 -5.63890710e-02  1.36728302e-01
  5.07594980e-02 -1.07907290e-02  2.48513483e-02 -3.78674641e-02
  8.66934136e-02  5.23925126e-02  8.03523138e-02  9.59201828e-02
  1.01387113e-01 -2.95717157e-02  6.63798824e-02 -5.35425730e-02]
-----郭靖的词向量为----
[ 7.80541971e-02 -8.46732482e-02 -1.37034655e-01 -3.21644591e-03
 -3.52504291e-02 -7.50312358e-02 -8.85554776e-03  1.43105714e-02
 -1.46473730e-02 -2.64400020e-02  2.95437742e-02 -9.12057795e-03
  1.53671671e-02  3.60554568e-02  1.74435731e-02 -7.39981905e-02
  8.53165984e-02  2.89432295e-02  3.65557112e-02 -1.32069677e-01
  2.15551443e-02  5.16336747e-02 -8.16318393e-03 -1.85781643e-02
  5.56597784e-02  2.64081340e-02 -7.33934045e-02  7.97232687e-02
 -7.29738623e-02  1.41392127e-02 -2.60439310e-02  1.38049442e-02
 -5.55629469e-02  6.48887508e-05  2.66388115e-02 -5.01752496e-02
  7.25230202e-02 -1.59639597e-01  5.63455164e-04  3.27546485e-02
  7.66241923e-02  2.66798865e-02  1.27952481e-02 -5.96683696e-02
  1.11001968e-01  9.04431045e-02  4.72867116e-02  3.93422581e-02
 -5.05785309e-02 -3.92181315e-02 -4.69631292e-02  9.97875538e-03
  6.75597265e-02  1.38154790e-01 -1.06918961e-01 -7.10490625e-04
  7.36494139e-02  1.11203708e-01 -2.13033371e-02  5.38268276e-02
  1.50874397e-02 -8.81991535e-02 -4.75209095e-02 -1.09442562e-01
 -2.91184839e-02  3.21111530e-02  1.45024192e-02 -5.85830286e-02
  4.43540029e-02  8.43927711e-02 -5.84451780e-02 -1.21155068e-01
  7.02465996e-02  3.29288431e-02  6.71868771e-02  2.05910448e-02
  2.49085333e-02  2.73693632e-02 -3.81134599e-02 -7.72867072e-03
 -4.46154438e-02 -1.96261257e-02  1.94628891e-02 -6.69877082e-02
  3.80794331e-02  3.12045962e-02  1.39606714e-01 -1.78654655e-03
  1.84624386e-03  2.18510013e-02  1.28290042e-01 -1.17554097e-02
  4.95339148e-02 -5.53844683e-02  3.49344350e-02  4.53998009e-03
  5.09795435e-02  2.14190129e-03 -6.08993582e-02  6.48407340e-02
  7.23426193e-02  2.90722810e-02  6.35977164e-02 -4.77787144e-02
  6.85142130e-02  2.53903549e-02 -1.90111808e-02  1.02483980e-01
  1.59406699e-02 -6.48903549e-02 -1.50651420e-02 -2.27978472e-02
 -1.47095723e-02  5.20849526e-02  2.80990098e-02  1.26436520e-02
 -4.63752970e-02 -1.55606968e-02  3.95329557e-02 -5.09204790e-02
 -3.43680871e-03  1.40786832e-02 -1.73727553e-02 -3.64859849e-02
 -1.41790053e-02 -7.17064515e-02  4.31166627e-02  5.93488440e-02
 -9.61639583e-02  1.94638614e-02  2.82077603e-02 -6.11000601e-03
 -9.44219753e-02 -2.25997660e-02  3.67252901e-02 -1.37806404e-02
 -3.29301581e-02  3.00605968e-02 -3.92499156e-02 -3.31854783e-02
 -1.28281265e-02  2.47153323e-02 -1.17550343e-01  5.49127981e-02
 -5.84455244e-02 -7.93000450e-04  5.77397319e-03 -5.81825450e-02
 -3.58971767e-02 -4.11502607e-02  2.45223865e-02 -6.32707924e-02
 -5.15436148e-03  1.54442033e-02  3.33709083e-02  3.47419120e-02
 -1.06390923e-01 -1.19721098e-02  1.17648086e-02  1.37213975e-01
  1.08094299e-02 -6.06770255e-02 -4.82032821e-02 -5.00627141e-03
  9.66877956e-03 -1.20355785e-01  2.52104253e-02  1.10174296e-02
  8.47922564e-02  2.26705000e-02  5.25026731e-02  1.05733909e-02
  1.53813645e-01  4.94385101e-02 -6.67991266e-02 -9.89423692e-03
 -5.18944226e-02  4.60465923e-02  1.49602722e-02 -4.60483916e-02
  4.44872938e-02 -1.67023912e-02 -8.09716508e-02 -5.53585589e-02
 -4.92026396e-02  1.63268317e-02  3.57973874e-02 -6.28131069e-03
  3.42909917e-02 -2.52261683e-02  5.53454757e-02  3.79550364e-03
 -1.16417311e-01  1.42127331e-02 -6.61263540e-02 -4.33965921e-02
 -9.23075993e-03 -1.46044595e-02  3.58568318e-02  4.24984284e-02
 -1.20548429e-02 -1.30634510e-03  4.19338383e-02  1.63893551e-02
  3.86218540e-02 -2.52391752e-02 -1.28670700e-03  1.54837951e-01
 -4.78232354e-02  5.84977157e-02 -1.91811062e-02  2.23022630e-03
 -3.86724845e-02 -2.81833652e-02  3.42566185e-02  2.35123821e-02
 -6.65746108e-02 -2.20403951e-02  1.40899299e-02 -5.60488217e-02
  1.07299965e-02  1.82729550e-02  6.06612228e-02 -1.18980289e-01
 -7.89696875e-04 -3.12778950e-02 -1.24054626e-02 -1.41830985e-02
 -5.84762245e-02 -8.25358108e-02  1.28420308e-01 -1.20131470e-01
 -1.11072838e-01  1.28886670e-01 -1.11124562e-02  1.89938381e-01
 -8.81980136e-02  3.05297822e-02  2.18362343e-02 -9.69027951e-02
 -2.73262579e-02 -4.20497218e-03 -6.58240095e-02  8.44948087e-03
 -1.49080575e-01 -3.05005116e-03 -4.56227064e-02  4.21043159e-03
 -4.87598814e-02 -3.12372111e-02 -7.26273879e-02  2.24970691e-02
  3.30394693e-02 -1.05891591e-02  1.05106784e-02 -4.20926549e-02
  4.02606279e-02 -1.38475383e-02 -9.00506824e-02 -1.09629920e-02
  8.02334473e-02 -1.24851251e-02  1.17600553e-01 -7.90202990e-02
  1.70137919e-02 -8.43502432e-02  3.75308394e-02  1.45385170e-03
 -2.06523091e-02 -3.27531174e-02 -1.05750458e-02 -6.41369447e-02
 -2.97447052e-02  1.11356638e-02 -4.56448039e-03 -2.53127441e-02
  8.09452683e-02  5.19232564e-02 -6.65818527e-02 -7.18010515e-02
  1.11570843e-02  1.60248810e-03 -2.49384064e-02 -2.64086220e-02
 -6.98207039e-03  9.50866267e-02  5.95992059e-02  7.03289956e-02
 -9.15942807e-03 -4.24467362e-02 -3.12718488e-02  1.32467225e-01
 -1.57361515e-02  3.24162468e-02  3.65518183e-02  1.44918766e-02
  7.40374476e-02 -1.14050150e-01  6.44132346e-02 -8.65096692e-03]
-----罗辑----
[ 7.80541971e-02 -8.46732482e-02 -1.37034655e-01 -3.21644591e-03
 -3.52504291e-02 -7.50312358e-02 -8.85554776e-03  1.43105714e-02
 -1.46473730e-02 -2.64400020e-02  2.95437742e-02 -9.12057795e-03
  1.53671671e-02  3.60554568e-02  1.74435731e-02 -7.39981905e-02
  8.53165984e-02  2.89432295e-02  3.65557112e-02 -1.32069677e-01
  2.15551443e-02  5.16336747e-02 -8.16318393e-03 -1.85781643e-02
  5.56597784e-02  2.64081340e-02 -7.33934045e-02  7.97232687e-02
 -7.29738623e-02  1.41392127e-02 -2.60439310e-02  1.38049442e-02
 -5.55629469e-02  6.48887508e-05  2.66388115e-02 -5.01752496e-02
  7.25230202e-02 -1.59639597e-01  5.63455164e-04  3.27546485e-02
  7.66241923e-02  2.66798865e-02  1.27952481e-02 -5.96683696e-02
  1.11001968e-01  9.04431045e-02  4.72867116e-02  3.93422581e-02
 -5.05785309e-02 -3.92181315e-02 -4.69631292e-02  9.97875538e-03
  6.75597265e-02  1.38154790e-01 -1.06918961e-01 -7.10490625e-04
  7.36494139e-02  1.11203708e-01 -2.13033371e-02  5.38268276e-02
  1.50874397e-02 -8.81991535e-02 -4.75209095e-02 -1.09442562e-01
 -2.91184839e-02  3.21111530e-02  1.45024192e-02 -5.85830286e-02
  4.43540029e-02  8.43927711e-02 -5.84451780e-02 -1.21155068e-01
  7.02465996e-02  3.29288431e-02  6.71868771e-02  2.05910448e-02
  2.49085333e-02  2.73693632e-02 -3.81134599e-02 -7.72867072e-03
 -4.46154438e-02 -1.96261257e-02  1.94628891e-02 -6.69877082e-02
  3.80794331e-02  3.12045962e-02  1.39606714e-01 -1.78654655e-03
  1.84624386e-03  2.18510013e-02  1.28290042e-01 -1.17554097e-02
  4.95339148e-02 -5.53844683e-02  3.49344350e-02  4.53998009e-03
  5.09795435e-02  2.14190129e-03 -6.08993582e-02  6.48407340e-02
  7.23426193e-02  2.90722810e-02  6.35977164e-02 -4.77787144e-02
  6.85142130e-02  2.53903549e-02 -1.90111808e-02  1.02483980e-01
  1.59406699e-02 -6.48903549e-02 -1.50651420e-02 -2.27978472e-02
 -1.47095723e-02  5.20849526e-02  2.80990098e-02  1.26436520e-02
 -4.63752970e-02 -1.55606968e-02  3.95329557e-02 -5.09204790e-02
 -3.43680871e-03  1.40786832e-02 -1.73727553e-02 -3.64859849e-02
 -1.41790053e-02 -7.17064515e-02  4.31166627e-02  5.93488440e-02
 -9.61639583e-02  1.94638614e-02  2.82077603e-02 -6.11000601e-03
 -9.44219753e-02 -2.25997660e-02  3.67252901e-02 -1.37806404e-02
 -3.29301581e-02  3.00605968e-02 -3.92499156e-02 -3.31854783e-02
 -1.28281265e-02  2.47153323e-02 -1.17550343e-01  5.49127981e-02
 -5.84455244e-02 -7.93000450e-04  5.77397319e-03 -5.81825450e-02
 -3.58971767e-02 -4.11502607e-02  2.45223865e-02 -6.32707924e-02
 -5.15436148e-03  1.54442033e-02  3.33709083e-02  3.47419120e-02
 -1.06390923e-01 -1.19721098e-02  1.17648086e-02  1.37213975e-01
  1.08094299e-02 -6.06770255e-02 -4.82032821e-02 -5.00627141e-03
  9.66877956e-03 -1.20355785e-01  2.52104253e-02  1.10174296e-02
  8.47922564e-02  2.26705000e-02  5.25026731e-02  1.05733909e-02
  1.53813645e-01  4.94385101e-02 -6.67991266e-02 -9.89423692e-03
 -5.18944226e-02  4.60465923e-02  1.49602722e-02 -4.60483916e-02
  4.44872938e-02 -1.67023912e-02 -8.09716508e-02 -5.53585589e-02
 -4.92026396e-02  1.63268317e-02  3.57973874e-02 -6.28131069e-03
  3.42909917e-02 -2.52261683e-02  5.53454757e-02  3.79550364e-03
 -1.16417311e-01  1.42127331e-02 -6.61263540e-02 -4.33965921e-02
 -9.23075993e-03 -1.46044595e-02  3.58568318e-02  4.24984284e-02
 -1.20548429e-02 -1.30634510e-03  4.19338383e-02  1.63893551e-02
  3.86218540e-02 -2.52391752e-02 -1.28670700e-03  1.54837951e-01
 -4.78232354e-02  5.84977157e-02 -1.91811062e-02  2.23022630e-03
 -3.86724845e-02 -2.81833652e-02  3.42566185e-02  2.35123821e-02
 -6.65746108e-02 -2.20403951e-02  1.40899299e-02 -5.60488217e-02
  1.07299965e-02  1.82729550e-02  6.06612228e-02 -1.18980289e-01
 -7.89696875e-04 -3.12778950e-02 -1.24054626e-02 -1.41830985e-02
 -5.84762245e-02 -8.25358108e-02  1.28420308e-01 -1.20131470e-01
 -1.11072838e-01  1.28886670e-01 -1.11124562e-02  1.89938381e-01
 -8.81980136e-02  3.05297822e-02  2.18362343e-02 -9.69027951e-02
 -2.73262579e-02 -4.20497218e-03 -6.58240095e-02  8.44948087e-03
 -1.49080575e-01 -3.05005116e-03 -4.56227064e-02  4.21043159e-03
 -4.87598814e-02 -3.12372111e-02 -7.26273879e-02  2.24970691e-02
  3.30394693e-02 -1.05891591e-02  1.05106784e-02 -4.20926549e-02
  4.02606279e-02 -1.38475383e-02 -9.00506824e-02 -1.09629920e-02
  8.02334473e-02 -1.24851251e-02  1.17600553e-01 -7.90202990e-02
  1.70137919e-02 -8.43502432e-02  3.75308394e-02  1.45385170e-03
 -2.06523091e-02 -3.27531174e-02 -1.05750458e-02 -6.41369447e-02
 -2.97447052e-02  1.11356638e-02 -4.56448039e-03 -2.53127441e-02
  8.09452683e-02  5.19232564e-02 -6.65818527e-02 -7.18010515e-02
  1.11570843e-02  1.60248810e-03 -2.49384064e-02 -2.64086220e-02
 -6.98207039e-03  9.50866267e-02  5.95992059e-02  7.03289956e-02
 -9.15942807e-03 -4.24467362e-02 -3.12718488e-02  1.32467225e-01
 -1.57361515e-02  3.24162468e-02  3.65518183e-02  1.44918766e-02
  7.40374476e-02 -1.14050150e-01  6.44132346e-02 -8.65096692e-03]
-----叶文洁----
[ 0.06611101 -0.02435645 -0.04251904  0.03072802 -0.04184768 -0.08871064
  0.00365965  0.00110077 -0.00225121 -0.04941399 -0.02354403  0.02262552
 -0.06888079 -0.00333091 -0.08498973 -0.02943958 -0.01166734 -0.02582208
  0.01492868 -0.10274728 -0.03805169  0.09477223 -0.07237203  0.08468928
  0.05751363 -0.01522111  0.02097571 -0.05866468 -0.01072191 -0.07795209
 -0.0122249   0.05443696 -0.11188609 -0.00217217  0.04622074  0.04204673
  0.0175705  -0.02352705 -0.00707748 -0.00562084 -0.00195785 -0.06161718
 -0.05865371  0.02576077  0.01599482  0.07827454  0.05763637  0.03745653
  0.08158212 -0.06887038  0.06738649  0.1666383  -0.01866739  0.05779749
 -0.04089228  0.00538211  0.02561597  0.02663046  0.01530815  0.04490873
 -0.0664492   0.00076854 -0.03303213  0.0165978  -0.02729809 -0.0743669
 -0.03471547  0.06219814  0.03814938  0.0319626   0.06666585  0.03006345
  0.01523606 -0.00303763  0.02527021  0.04184355  0.00751225 -0.06809127
 -0.02135888 -0.00910767  0.01022095  0.01499983  0.02380274  0.02300828
 -0.00161435  0.07853071 -0.02168702  0.08440274  0.02862083  0.0239755
  0.00366581 -0.00153522  0.078168   -0.0377943   0.01414958  0.050787
  0.00090781  0.046654    0.05992949  0.00314492 -0.0208395  -0.04225651
  0.04909031 -0.12503156  0.01835332  0.04002296 -0.1443654   0.01711591
 -0.02424073 -0.03101631 -0.12916964 -0.01461013 -0.00669213  0.04560927
 -0.02483523  0.11636543  0.02737155 -0.01242705 -0.09446935 -0.06579806
 -0.04741469 -0.03248299  0.01890501 -0.02645373  0.12782635  0.04479081
  0.04839522  0.04217777  0.04887472  0.0784817  -0.05108815  0.0368993
 -0.01136091 -0.05695311  0.1348513   0.05957536 -0.01809223 -0.01478946
  0.01736277 -0.05504317 -0.0422786  -0.05002885 -0.06310909  0.03874422
  0.07866565 -0.0656011  -0.17114902 -0.02152454  0.0304955  -0.00846842
 -0.0567135   0.05633398  0.03002819  0.01556992  0.10628496 -0.02642225
 -0.06163574 -0.08559658  0.00736686 -0.01729402 -0.02213649 -0.00347466
 -0.01773032  0.05007382 -0.03996224  0.05480191  0.03988786 -0.02065156
 -0.03397532  0.12706763  0.02781556  0.03315294  0.03050912 -0.03069411
 -0.00315257  0.00683245 -0.06266763  0.01622774 -0.00067303  0.12076878
 -0.05534212  0.05207695 -0.01273599 -0.06099401  0.01526873  0.07575198
  0.0467304   0.1791596   0.10262071 -0.02336137  0.09068609 -0.11061237
 -0.08606119 -0.00372627  0.06647126  0.05725631  0.01495874 -0.10215051
 -0.12568572  0.02506198 -0.0097792  -0.08100946 -0.13696419 -0.03603453
 -0.02109769 -0.1166885  -0.01462785  0.0994862  -0.03976037  0.10788607
 -0.01485921 -0.03418049  0.00199845 -0.0318331  -0.02567119 -0.11199935
  0.02355848 -0.05764221 -0.04904497 -0.06017248 -0.0078891   0.00306551
 -0.0476101  -0.04351442 -0.05415257 -0.0357138   0.01659079  0.03305284
 -0.06060435  0.04460128  0.0701897   0.01459907 -0.03433561 -0.0133971
 -0.01439984 -0.00384738 -0.02706963 -0.03664719  0.06867065 -0.03709428
 -0.03252207 -0.0940622   0.03775495 -0.07039808  0.00350847  0.02168737
  0.08096156  0.12523055 -0.00314652  0.04365863 -0.01988464  0.09643339
  0.06587694 -0.01104112  0.00981604  0.05494019 -0.07244281  0.0090192
  0.10152993 -0.01636228  0.05079729 -0.08005007 -0.07211976  0.05646488
  0.11461226  0.03434273  0.01364216 -0.00599487  0.01057712 -0.01953813
  0.0257511  -0.04488762  0.01091719 -0.00250659  0.06160807  0.01757349
 -0.02902372 -0.02925303 -0.16182783  0.064219   -0.00676428 -0.03755864
 -0.04724569 -0.01911298  0.01506909  0.02900874  0.02815291  0.03121058
 -0.00934062 -0.00230484 -0.00800191  0.05952592  0.18900307 -0.03049164
  0.00649246  0.08430359  0.0894864   0.0486435   0.11561598 -0.03061341]
-----杨过----
[-1.38096865e-02  1.58174224e-02 -6.46061972e-02  7.32508525e-02
  4.92915735e-02  1.18431682e-02 -7.90640637e-02 -8.35261717e-02
 -2.96553411e-03 -1.12314271e-02  2.46542972e-02  4.39312011e-02
 -1.92294475e-02  1.07942276e-01  2.02102326e-02 -6.16258904e-02
  7.76973590e-02  2.83602178e-02 -5.56247309e-02 -9.11127031e-02
  1.65238921e-02  4.38499153e-02  2.46228781e-02 -1.44461012e-02
  5.76429702e-02 -3.43659185e-02 -2.37045213e-04 -1.34134023e-02
 -7.15215355e-02  2.18681283e-02  1.12542391e-01 -3.68084945e-02
  1.51044363e-02  1.87604371e-02  2.04190030e-03  4.24391218e-02
  4.52738702e-02 -1.04933143e-01  2.90587218e-03  5.65265901e-02
  3.54134887e-02  1.33831622e-02  4.48700879e-03 -4.89981510e-02
  7.10824504e-02  9.58647486e-03  1.01857297e-02  8.69103298e-02
 -6.51209056e-03 -5.34102470e-02 -2.58597489e-02 -2.82553863e-02
 -1.45913102e-02 -2.51811221e-02 -7.03627318e-02  4.08046544e-02
  1.21475592e-01  2.46534273e-02  2.55348813e-02  5.29602505e-02
 -1.24147004e-02 -7.15269148e-02 -3.69806774e-02 -1.41286165e-01
 -2.51352023e-02  9.01001245e-02 -1.32573858e-01 -3.81543711e-02
 -5.02026938e-02  1.02797732e-01  3.83543223e-02 -9.17069614e-02
  3.31024192e-02 -4.74583395e-02 -8.15283135e-03  4.79297973e-02
 -3.61329429e-02  2.35748757e-02  2.27978621e-02 -4.08788174e-02
  5.41913658e-02 -2.93593993e-03  5.38230455e-03 -1.03730090e-01
  2.04569772e-02  1.43792862e-02  3.30907032e-02  2.31627263e-02
  3.26266438e-02  3.02969888e-02  8.28244463e-02 -4.19625454e-02
 -1.18391647e-04 -4.47539017e-02  2.93751825e-02 -1.84467714e-02
  3.53683904e-02 -3.12495660e-02 -2.87393946e-02  5.68397306e-02
  7.11725801e-02  1.26073390e-01  4.25381400e-02 -6.10714480e-02
  3.03550512e-02 -1.05847577e-02 -5.66335674e-03  8.86306092e-02
 -3.38219618e-03  8.20765644e-03 -2.08763145e-02  2.06595622e-02
 -1.31910935e-01 -1.14895226e-02  2.86294501e-02 -8.48337077e-03
  3.53756472e-02 -4.01942022e-02  4.43914048e-02 -1.43474545e-02
 -4.30264249e-02  9.17613506e-02 -1.10139726e-02 -2.88613606e-02
 -1.75212752e-02  1.25139644e-02 -3.65398042e-02  3.43425688e-03
  1.81100108e-02  5.03277890e-02 -3.51843461e-02  2.05967668e-02
 -6.03881776e-02 -3.98568772e-02  4.74532917e-02  4.75991368e-02
  4.76009399e-02 -1.61255561e-02  5.95965944e-02 -4.88964245e-02
  1.73959881e-02 -1.39519870e-02 -1.07047871e-01 -5.65545224e-02
 -1.34874716e-01 -7.79459253e-02  2.48362385e-02 -1.16839195e-02
 -9.01266560e-02 -7.71296769e-02 -1.14687681e-01 -2.25698221e-02
 -5.97698521e-03 -4.92421389e-02  1.04046963e-01  4.21701260e-02
 -5.90829700e-02 -2.80436818e-02 -4.28350195e-02  9.04874224e-03
 -2.06793528e-02 -9.25813764e-02 -5.39447591e-02 -3.47989090e-02
  4.24249247e-02  2.16572848e-03 -8.54395854e-04  1.66759342e-02
  5.13556264e-02 -4.45337035e-02  2.45212838e-02  1.03798464e-01
  9.16952491e-02  4.77196053e-02 -3.44571881e-02  8.35303888e-02
 -6.66754171e-02 -9.41477902e-03  5.28396219e-02 -3.71821634e-02
  3.10752988e-02 -3.42828482e-02 -5.18129952e-02  4.91218306e-02
 -7.80436918e-02 -9.84785426e-03 -4.37801667e-02 -1.16907861e-02
 -3.44937220e-02  5.36262356e-02  1.03588574e-01 -2.38329936e-02
  1.06251873e-02 -2.34807655e-02 -1.86071061e-02  6.42639622e-02
  6.33600876e-02  8.15727096e-03  2.35257838e-02  9.03084427e-02
  3.97232398e-02  2.93011907e-02  4.10056226e-02 -1.94963068e-03
 -1.38692055e-02 -4.07786556e-02  5.02684861e-02  7.05201477e-02
 -1.29209235e-01  5.76409474e-02 -5.09534813e-02 -1.06314709e-02
  1.54379057e-02 -5.59293013e-03 -4.04459919e-04 -1.29470780e-01
 -5.45902215e-02 -1.66406602e-01 -3.62226292e-02 -8.78256783e-02
 -1.81364901e-02  6.54318333e-02  4.10926342e-02 -1.19697012e-01
 -4.49017547e-02 -1.11194730e-01  1.37175787e-02  9.29853246e-02
 -6.15368783e-02  5.44566251e-02  4.89814952e-02 -8.26411396e-02
 -8.20841491e-02  1.50331497e-01  9.43967141e-03  1.53503090e-01
 -5.10107763e-02  4.57723029e-02  5.63894808e-02 -7.44991004e-02
  6.05047531e-02 -9.69472006e-02  8.85119960e-02 -3.94224897e-02
 -8.31905752e-02  3.18709314e-02 -6.08932450e-02  2.01260168e-02
  5.72102591e-02  4.66978969e-03  1.97242741e-02  1.13262367e-02
  2.19889376e-02  6.32816404e-02 -2.19447054e-02  2.54290854e-03
  7.92967454e-02 -6.44215569e-02 -4.33433661e-03 -1.66977793e-02
  1.86227192e-03  5.00829108e-02  4.62571084e-02 -1.27293214e-01
 -7.86176100e-02 -7.42890313e-03 -2.72994824e-02  1.26021147e-01
 -2.85490486e-03  1.62011152e-03 -1.47170220e-02  3.11425142e-02
 -1.91705469e-02 -4.09142254e-03 -5.99415787e-02 -8.48961528e-03
  8.54514167e-02  8.66733715e-02 -7.93358982e-02 -6.05541728e-02
 -9.06762853e-03 -7.39749372e-02 -9.41932425e-02  5.37666790e-02
  4.95405458e-02  7.82656893e-02  9.61460695e-02  4.66553755e-02
 -2.66468078e-02 -2.52748523e-02 -7.93857314e-03  1.57564413e-02
  6.42312467e-02 -2.49597542e-02  6.54574260e-02 -3.08193881e-02
  1.14101380e-01 -7.68319741e-02  2.65508704e-02 -1.13112397e-01]